14 24 37
0 0 1154284278
1 1 1169731438
2 2 1174772508
3 3 1183466715
3 0 1183466882
4 4 1187998022
4 4 1187998044
4 4 1187998096
4 4 1187998181
5 5 1187999471
6 0 1231394051
7 6 1235262691
7 7 1235263277
7 0 1235263310
7 0 1235263317
8 8 1251208320
9 9 1264354811
9 10 1264354968
7 6 1329623976
10 7 1410355811
7 11 1426642855
11 12 1426648220
11 13 1426648220
11 14 1426648220
11 15 1426648220
12 13 1429228260
12 12 1429228261
11 12 1429245628
11 13 1429245628
13 16 1438644862
13 17 1443816215
13 18 1443816215
13 19 1443816215
13 20 1443816215
13 21 1443816216
13 22 1443816216
13 23 1443816216
